1+1
2+2

a=1
a

a <- 2
a